24152158
24152358
24152578
24152598
24154158
24154578
24154598
24154758
24156358
24156578
24156598
24156958
24158578
24158598
24158758
24158958
24512158
24512358
24512578
24512598
24514158
24514578
24514598
24514758
24532158
24532358
24532578
24532598
24536358
24536578
24536598
24536958
24574158
24574578
24574598
24574758
24578578
24578598
24578758
24578958
24596358
24596578
24596598
24596958
24598578
24598598
24598758
24598958
24752158
24752358
24752578
24752598
24754158
24754578
24754598
24754758
24756358
24756578
24756598
24756958
24758578
24758598
24758758
24758958
26352158
26352358
26352578
26352598
26354158
26354578
26354598
26354758
26356358
26356578
26356598
26356958
26358578
26358598
26358758
26358958
26512158
26512358
26512578
26512598
26514158
26514578
26514598
26514758
26532158
26532358
26532578
26532598
26536358
26536578
26536598
26536958
26574158
26574578
26574598
26574758
26578578
26578598
26578758
26578958
26596358
26596578
26596598
26596958
26598578
26598598
26598758
26598958
26952158
26952358
26952578
26952598
26954158
26954578
26954598
26954758
26956358
26956578
26956598
26956958
26958578
26958598
26958758
26958958
