14152369
14152569
14152589
14154569
14154589
14154789
14156369
14156569
14156589
14156969
14156989
14158569
14158589
14158789
14158969
14158989
14512369
14512569
14512589
14514569
14514589
14514789
14532369
14532569
14532589
14536369
14536569
14536589
14536969
14536989
14574569
14574589
14574789
14578569
14578589
14578789
14578969
14578989
14596369
14596569
14596589
14596969
14596989
14598569
14598589
14598789
14598969
14598989
14752369
14752569
14752589
14754569
14754589
14754789
14756369
14756569
14756589
14756969
14756989
14758569
14758589
14758789
14758969
14758989
