12152121
12152123
12152125
12152141
12152145
12152147
12152321
12152323
12152325
12152363
12152365
12152369
12152521
12152523
12152525
12152541
12152545
12152547
12152563
12152565
12152569
12152585
12152587
12152589
12154121
12154123
12154125
12154141
12154145
12154147
12154521
12154523
12154525
12154541
12154545
12154547
12154563
12154565
12154569
12154585
12154587
12154589
12154741
12154745
12154747
12154785
12154787
12154789
12156321
12156323
12156325
12156363
12156365
12156369
12156521
12156523
12156525
12156541
12156545
12156547
12156563
12156565
12156569
12156585
12156587
12156589
12156963
12156965
12156969
12156985
12156987
12156989
12158521
12158523
12158525
12158541
12158545
12158547
12158563
12158565
12158569
12158585
12158587
12158589
12158741
12158745
12158747
12158785
12158787
12158789
12158963
12158965
12158969
12158985
12158987
12158989
12352121
12352123
12352125
12352141
12352145
12352147
12352321
12352323
12352325
12352363
12352365
12352369
12352521
12352523
12352525
12352541
12352545
12352547
12352563
12352565
12352569
12352585
12352587
12352589
12354121
12354123
12354125
12354141
12354145
12354147
12354521
12354523
12354525
12354541
12354545
12354547
12354563
12354565
12354569
12354585
12354587
12354589
12354741
12354745
12354747
12354785
12354787
12354789
12356321
12356323
12356325
12356363
12356365
12356369
12356521
12356523
12356525
12356541
12356545
12356547
12356563
12356565
12356569
12356585
12356587
12356589
12356963
12356965
12356969
12356985
12356987
12356989
12358521
12358523
12358525
12358541
12358545
12358547
12358563
12358565
12358569
12358585
12358587
12358589
12358741
12358745
12358747
12358785
12358787
12358789
12358963
12358965
12358969
12358985
12358987
12358989
12512121
12512123
12512125
12512141
12512145
12512147
12512321
12512323
12512325
12512363
12512365
12512369
12512521
12512523
12512525
12512541
12512545
12512547
12512563
12512565
12512569
12512585
12512587
12512589
12514121
12514123
12514125
12514141
12514145
12514147
12514521
12514523
12514525
12514541
12514545
12514547
12514563
12514565
12514569
12514585
12514587
12514589
12514741
12514745
12514747
12514785
12514787
12514789
12532121
12532123
12532125
12532141
12532145
12532147
12532321
12532323
12532325
12532363
12532365
12532369
12532521
12532523
12532525
12532541
12532545
12532547
12532563
12532565
12532569
12532585
12532587
12532589
12536321
12536323
12536325
12536363
12536365
12536369
12536521
12536523
12536525
12536541
12536545
12536547
12536563
12536565
12536569
12536585
12536587
12536589
12536963
12536965
12536969
12536985
12536987
12536989
12574121
12574123
12574125
12574141
12574145
12574147
12574521
12574523
12574525
12574541
12574545
12574547
12574563
12574565
12574569
12574585
12574587
12574589
12574741
12574745
12574747
12574785
12574787
12574789
12578521
12578523
12578525
12578541
12578545
12578547
12578563
12578565
12578569
12578585
12578587
12578589
12578741
12578745
12578747
12578785
12578787
12578789
12578963
12578965
12578969
12578985
12578987
12578989
12596321
12596323
12596325
12596363
12596365
12596369
12596521
12596523
12596525
12596541
12596545
12596547
12596563
12596565
12596569
12596585
12596587
12596589
12596963
12596965
12596969
12596985
12596987
12596989
12598521
12598523
12598525
12598541
12598545
12598547
12598563
12598565
12598569
12598585
12598587
12598589
12598741
12598745
12598747
12598785
12598787
12598789
12598963
12598965
12598969
12598985
12598987
12598989
14152121
14152123
14152125
14152141
14152145
14152147
14152321
14152323
14152325
14152363
14152365
14152369
14152521
14152523
14152525
14152541
14152545
14152547
14152563
14152565
14152569
14152585
14152587
14152589
14154121
14154123
14154125
14154141
14154145
14154147
14154521
14154523
14154525
14154541
14154545
14154547
14154563
14154565
14154569
14154585
14154587
14154589
14154741
14154745
14154747
14154785
14154787
14154789
14156321
14156323
14156325
14156363
14156365
14156369
14156521
14156523
14156525
14156541
14156545
14156547
14156563
14156565
14156569
14156585
14156587
14156589
14156963
14156965
14156969
14156985
14156987
14156989
14158521
14158523
14158525
14158541
14158545
14158547
14158563
14158565
14158569
14158585
14158587
14158589
14158741
14158745
14158747
14158785
14158787
14158789
14158963
14158965
14158969
14158985
14158987
14158989
14512121
14512123
14512125
14512141
14512145
14512147
14512321
14512323
14512325
14512363
14512365
14512369
14512521
14512523
14512525
14512541
14512545
14512547
14512563
14512565
14512569
14512585
14512587
14512589
14514121
14514123
14514125
14514141
14514145
14514147
14514521
14514523
14514525
14514541
14514545
14514547
14514563
14514565
14514569
14514585
14514587
14514589
14514741
14514745
14514747
14514785
14514787
14514789
14532121
14532123
14532125
14532141
14532145
14532147
14532321
14532323
14532325
14532363
14532365
14532369
14532521
14532523
14532525
14532541
14532545
14532547
14532563
14532565
14532569
14532585
14532587
14532589
14536321
14536323
14536325
14536363
14536365
14536369
14536521
14536523
14536525
14536541
14536545
14536547
14536563
14536565
14536569
14536585
14536587
14536589
14536963
14536965
14536969
14536985
14536987
14536989
14574121
14574123
14574125
14574141
14574145
14574147
14574521
14574523
14574525
14574541
14574545
14574547
14574563
14574565
14574569
14574585
14574587
14574589
14574741
14574745
14574747
14574785
14574787
14574789
14578521
14578523
14578525
14578541
14578545
14578547
14578563
14578565
14578569
14578585
14578587
14578589
14578741
14578745
14578747
14578785
14578787
14578789
14578963
14578965
14578969
14578985
14578987
14578989
14596321
14596323
14596325
14596363
14596365
14596369
14596521
14596523
14596525
14596541
14596545
14596547
14596563
14596565
14596569
14596585
14596587
14596589
14596963
14596965
14596969
14596985
14596987
14596989
14598521
14598523
14598525
14598541
14598545
14598547
14598563
14598565
14598569
14598585
14598587
14598589
14598741
14598745
14598747
14598785
14598787
14598789
14598963
14598965
14598969
14598985
14598987
14598989
14752121
14752123
14752125
14752141
14752145
14752147
14752321
14752323
14752325
14752363
14752365
14752369
14752521
14752523
14752525
14752541
14752545
14752547
14752563
14752565
14752569
14752585
14752587
14752589
14754121
14754123
14754125
14754141
14754145
14754147
14754521
14754523
14754525
14754541
14754545
14754547
14754563
14754565
14754569
14754585
14754587
14754589
14754741
14754745
14754747
14754785
14754787
14754789
14756321
14756323
14756325
14756363
14756365
14756369
14756521
14756523
14756525
14756541
14756545
14756547
14756563
14756565
14756569
14756585
14756587
14756589
14756963
14756965
14756969
14756985
14756987
14756989
14758521
14758523
14758525
14758541
14758545
14758547
14758563
14758565
14758569
14758585
14758587
14758589
14758741
14758745
14758747
14758785
14758787
14758789
14758963
14758965
14758969
14758985
14758987
14758989
