24152152
24152154
24152156
24152158
24152352
24152354
24152356
24152358
24152512
24152514
24152532
24152536
24152574
24152578
24152596
24152598
24154152
24154154
24154156
24154158
24154512
24154514
24154532
24154536
24154574
24154578
24154596
24154598
24154752
24154754
24154756
24154758
24156352
24156354
24156356
24156358
24156512
24156514
24156532
24156536
24156574
24156578
24156596
24156598
24156952
24156954
24156956
24156958
24158512
24158514
24158532
24158536
24158574
24158578
24158596
24158598
24158752
24158754
24158756
24158758
24158952
24158954
24158956
24158958
24512152
24512154
24512156
24512158
24512352
24512354
24512356
24512358
24512512
24512514
24512532
24512536
24512574
24512578
24512596
24512598
24514152
24514154
24514156
24514158
24514512
24514514
24514532
24514536
24514574
24514578
24514596
24514598
24514752
24514754
24514756
24514758
24532152
24532154
24532156
24532158
24532352
24532354
24532356
24532358
24532512
24532514
24532532
24532536
24532574
24532578
24532596
24532598
24536352
24536354
24536356
24536358
24536512
24536514
24536532
24536536
24536574
24536578
24536596
24536598
24536952
24536954
24536956
24536958
24574152
24574154
24574156
24574158
24574512
24574514
24574532
24574536
24574574
24574578
24574596
24574598
24574752
24574754
24574756
24574758
24578512
24578514
24578532
24578536
24578574
24578578
24578596
24578598
24578752
24578754
24578756
24578758
24578952
24578954
24578956
24578958
24596352
24596354
24596356
24596358
24596512
24596514
24596532
24596536
24596574
24596578
24596596
24596598
24596952
24596954
24596956
24596958
24598512
24598514
24598532
24598536
24598574
24598578
24598596
24598598
24598752
24598754
24598756
24598758
24598952
24598954
24598956
24598958
24752152
24752154
24752156
24752158
24752352
24752354
24752356
24752358
24752512
24752514
24752532
24752536
24752574
24752578
24752596
24752598
24754152
24754154
24754156
24754158
24754512
24754514
24754532
24754536
24754574
24754578
24754596
24754598
24754752
24754754
24754756
24754758
24756352
24756354
24756356
24756358
24756512
24756514
24756532
24756536
24756574
24756578
24756596
24756598
24756952
24756954
24756956
24756958
24758512
24758514
24758532
24758536
24758574
24758578
24758596
24758598
24758752
24758754
24758756
24758758
24758952
24758954
24758956
24758958
26352152
26352154
26352156
26352158
26352352
26352354
26352356
26352358
26352512
26352514
26352532
26352536
26352574
26352578
26352596
26352598
26354152
26354154
26354156
26354158
26354512
26354514
26354532
26354536
26354574
26354578
26354596
26354598
26354752
26354754
26354756
26354758
26356352
26356354
26356356
26356358
26356512
26356514
26356532
26356536
26356574
26356578
26356596
26356598
26356952
26356954
26356956
26356958
26358512
26358514
26358532
26358536
26358574
26358578
26358596
26358598
26358752
26358754
26358756
26358758
26358952
26358954
26358956
26358958
26512152
26512154
26512156
26512158
26512352
26512354
26512356
26512358
26512512
26512514
26512532
26512536
26512574
26512578
26512596
26512598
26514152
26514154
26514156
26514158
26514512
26514514
26514532
26514536
26514574
26514578
26514596
26514598
26514752
26514754
26514756
26514758
26532152
26532154
26532156
26532158
26532352
26532354
26532356
26532358
26532512
26532514
26532532
26532536
26532574
26532578
26532596
26532598
26536352
26536354
26536356
26536358
26536512
26536514
26536532
26536536
26536574
26536578
26536596
26536598
26536952
26536954
26536956
26536958
26574152
26574154
26574156
26574158
26574512
26574514
26574532
26574536
26574574
26574578
26574596
26574598
26574752
26574754
26574756
26574758
26578512
26578514
26578532
26578536
26578574
26578578
26578596
26578598
26578752
26578754
26578756
26578758
26578952
26578954
26578956
26578958
26596352
26596354
26596356
26596358
26596512
26596514
26596532
26596536
26596574
26596578
26596596
26596598
26596952
26596954
26596956
26596958
26598512
26598514
26598532
26598536
26598574
26598578
26598596
26598598
26598752
26598754
26598756
26598758
26598952
26598954
26598956
26598958
26952152
26952154
26952156
26952158
26952352
26952354
26952356
26952358
26952512
26952514
26952532
26952536
26952574
26952578
26952596
26952598
26954152
26954154
26954156
26954158
26954512
26954514
26954532
26954536
26954574
26954578
26954596
26954598
26954752
26954754
26954756
26954758
26956352
26956354
26956356
26956358
26956512
26956514
26956532
26956536
26956574
26956578
26956596
26956598
26956952
26956954
26956956
26956958
26958512
26958514
26958532
26958536
26958574
26958578
26958596
26958598
26958752
26958754
26958756
26958758
26958952
26958954
26958956
26958958
